-1,-1,-1,-1,-1,-1,-1,-1,-1,-1,-1,-1,-1,-1,-1,-1,-1,-1,-1,-1,-1,-1,-1,-1,-1,-1,-1,-1,-1,-1,-1,-1,-1,-1,-1,
-1,-1,-1,-1,-1,-1,-1,-1,-1,-1,-1,-1,-1,-1,-1,-1,-1,-1,-1,-1,-1,-1,-1,-1,-1,-1,-1,-1,-1,-1,-1,-1,-1,-1,-1,
-1,-1,-1,-1,-1,-1,-1,-1,-1,-1,-1,-1,-1,-1,-1,-1,-1,-1,-1,-1,-1,-1,-1,-1,-1,-1,-1,-1,-1,-1,-1,-1,-1,-1,-1,
-1,-1,-1,-1,-1,-1,-1,-1,-1,-1,-1,-1,-1,-1,-1,-1,-1,-1,-1,-1,-1,-1,-1,-1,-1,-1,-1,-1,-1,-1,-1,-1,-1,-1,-1,
-1,-1,-1,29,29,29,29,29,29,29,29,29,29,29,29,29,-1,-1,-1,-1,-1,-1,-1,-1,-1,-1,-1,-1,-1,-1,-1,-1,-1,-1,-1,
-1,29,29,29,48,-1,-1,41,-1,-1,-1,-1,-1,-1,-1,29,29,29,-1,-1,-1,-1,-1,-1,-1,-1,-1,-1,-1,-1,-1,-1,-1,-1,-1,
-1,29,-1,-1,-1,-1,-1,-1,-1,-1,36,-1,41,-1,-1,-1,-1,29,-1,-1,-1,-1,-1,-1,-1,-1,-1,-1,-1,-1,-1,-1,-1,-1,-1,
-1,29,-1,37,-1,-1,-1,-1,-1,-1,-1,-1,36,-1,-1,-1,-1,29,-1,-1,-1,-1,-1,-1,-1,-1,-1,-1,-1,-1,-1,-1,-1,-1,-1,
-1,29,-1,-1,-1,-1,-1,-1,-1,-1,63,-1,-1,-1,-1,-1,-1,29,-1,-1,-1,-1,-1,-1,-1,-1,-1,-1,-1,-1,-1,-1,-1,-1,-1,
-1,29,-1,-1,-1,-1,-1,38,-1,-1,-1,-1,-1,-1,29,29,29,29,-1,-1,-1,-1,-1,-1,-1,-1,-1,-1,-1,-1,-1,-1,-1,-1,-1,
29,29,-1,-1,-1,-1,-1,-1,-1,-1,-1,-1,38,-1,29,-1,-1,-1,-1,-1,-1,-1,-1,-1,-1,-1,-1,-1,-1,-1,-1,-1,-1,-1,-1,
29,-1,-1,-1,-1,-1,-1,-1,-1,37,-1,-1,-1,29,29,-1,-1,-1,-1,-1,-1,-1,-1,-1,-1,-1,-1,-1,-1,-1,-1,-1,-1,-1,-1,
29,-1,-1,-1,37,-1,-1,-1,-1,-1,-1,-1,-1,29,-1,-1,-1,-1,-1,-1,-1,-1,-1,-1,-1,-1,-1,-1,-1,-1,-1,-1,-1,-1,-1,
29,29,29,-1,-1,-1,-1,41,-1,-1,-1,-1,-1,29,-1,-1,-1,-1,-1,-1,-1,-1,-1,-1,-1,-1,-1,-1,-1,-1,-1,-1,-1,-1,-1,
-1,-1,-1,29,-1,-1,-1,-1,-1,-1,38,-1,-1,29,-1,-1,-1,-1,-1,-1,-1,-1,-1,-1,-1,29,29,29,29,29,29,-1,-1,-1,-1,
-1,-1,-1,29,29,29,29,29,29,-1,-1,-1,-1,29,-1,-1,-1,-1,-1,-1,-1,-1,-1,29,29,29,-1,-1,-1,-1,29,-1,-1,-1,-1,
-1,-1,-1,-1,-1,-1,-1,-1,29,29,-1,-1,-1,29,29,-1,-1,-1,-1,-1,-1,29,29,29,-1,-1,-1,-1,-1,-1,29,29,29,29,29,
-1,-1,-1,-1,-1,-1,-1,-1,-1,29,29,-1,-1,-1,29,-1,-1,-1,-1,-1,-1,29,-1,36,-1,-1,39,-1,-1,-1,-1,-1,-1,-1,29,
-1,-1,-1,-1,-1,-1,-1,-1,-1,-1,29,-1,-1,-1,29,-1,-1,-1,-1,-1,-1,29,-1,-1,-1,-1,-1,-1,-1,-1,-1,-1,41,-1,29,
-1,-1,-1,-1,-1,-1,-1,-1,-1,-1,29,-1,-1,-1,29,-1,-1,-1,-1,-1,-1,29,-1,-1,-1,-1,-1,60,-1,-1,-1,-1,-1,-1,29,
-1,-1,-1,-1,-1,-1,-1,-1,-1,-1,29,-1,36,-1,29,-1,-1,-1,-1,-1,29,29,-1,-1,-1,-1,-1,-1,-1,46,-1,-1,-1,-1,29,
-1,-1,-1,-1,-1,-1,-1,-1,-1,-1,29,-1,-1,-1,29,-1,-1,-1,29,29,29,-1,-1,-1,-1,-1,-1,-1,-1,-1,-1,-1,-1,-1,29,
-1,-1,-1,-1,-1,-1,-1,-1,-1,-1,29,-1,-1,-1,29,29,29,29,29,-1,-1,-1,-1,40,-1,-1,-1,-1,-1,-1,-1,-1,-1,29,-1,
-1,-1,-1,-1,-1,-1,-1,-1,-1,-1,29,-1,-1,-1,37,-1,-1,-1,-1,36,-1,-1,-1,39,-1,-1,-1,-1,40,-1,-1,-1,-1,29,-1,
-1,-1,-1,-1,-1,-1,-1,-1,-1,-1,29,-1,-1,-1,-1,-1,-1,-1,-1,-1,-1,-1,-1,-1,-1,-1,-1,-1,-1,-1,-1,41,-1,29,-1,
-1,-1,-1,-1,-1,-1,-1,-1,-1,-1,-1,29,-1,-1,-1,-1,-1,-1,-1,-1,-1,-1,-1,-1,-1,-1,-1,-1,-1,-1,-1,-1,-1,29,-1,
-1,-1,-1,-1,-1,-1,-1,-1,-1,-1,-1,29,-1,-1,-1,-1,-1,29,29,29,29,29,29,-1,-1,-1,-1,40,-1,-1,-1,-1,29,29,-1,
-1,-1,-1,-1,-1,-1,-1,-1,-1,-1,-1,-1,29,29,29,29,29,-1,-1,-1,-1,-1,29,-1,-1,-1,-1,-1,-1,-1,-1,-1,29,-1,-1,
-1,-1,-1,-1,-1,-1,-1,-1,-1,-1,-1,-1,-1,-1,-1,-1,-1,-1,-1,-1,-1,-1,29,-1,-1,-1,-1,-1,-1,-1,-1,29,-1,-1,-1,
-1,-1,-1,-1,-1,-1,-1,-1,-1,-1,-1,-1,-1,-1,-1,-1,-1,-1,-1,-1,-1,-1,-1,29,-1,-1,-1,41,-1,-1,-1,29,-1,-1,-1,
-1,-1,-1,-1,-1,-1,-1,-1,-1,-1,-1,-1,-1,-1,-1,-1,-1,-1,-1,-1,-1,-1,-1,-1,29,-1,-1,-1,-1,-1,-1,29,-1,-1,-1,
-1,-1,-1,-1,-1,-1,-1,-1,-1,-1,-1,-1,-1,-1,-1,-1,-1,-1,-1,-1,-1,-1,-1,-1,29,-1,-1,-1,-1,-1,-1,-1,-1,-1,-1,
-1,-1,-1,-1,-1,-1,-1,-1,-1,-1,-1,-1,-1,-1,-1,-1,-1,-1,-1,-1,-1,-1,-1,-1,-1,29,29,29,29,29,29,-1,-1,-1,-1,
-1,-1,-1,-1,-1,-1,-1,-1,-1,-1,-1,-1,-1,-1,-1,-1,-1,-1,-1,-1,-1,-1,-1,-1,-1,-1,-1,-1,-1,-1,-1,-1,-1,-1,-1,
-1,-1,-1,-1,-1,-1,-1,-1,-1,-1,-1,-1,-1,-1,-1,-1,-1,-1,-1,-1,-1,-1,-1,-1,-1,-1,-1,-1,-1,-1,-1,-1,-1,-1,-1,
