-1,-1,-1,-1,-1,-1,-1,-1,-1,-1,-1,-1,-1,-1,-1,-1,-1,-1,-1,-1,-1,-1,-1,-1,-1,-1,-1,-1,-1,-1,-1,-1,-1,-1,-1,
-1,-1,-1,-1,-1,-1,-1,-1,-1,-1,-1,-1,-1,-1,-1,-1,-1,-1,-1,-1,-1,-1,-1,-1,-1,-1,-1,-1,-1,-1,-1,-1,-1,-1,-1,
-1,-1,-1,-1,-1,-1,-1,-1,-1,-1,-1,-1,-1,-1,-1,-1,-1,-1,-1,-1,-1,-1,-1,-1,-1,-1,-1,-1,-1,-1,-1,-1,-1,-1,-1,
-1,-1,-1,-1,-1,-1,-1,-1,-1,-1,-1,-1,-1,-1,-1,-1,-1,-1,-1,-1,-1,-1,-1,-1,-1,-1,-1,-1,-1,-1,-1,-1,-1,-1,-1,
-1,-1,-1,-1,-1,-1,-1,-1,-1,-1,-1,-1,-1,-1,-1,-1,-1,-1,-1,-1,-1,-1,-1,-1,-1,-1,-1,-1,-1,-1,-1,-1,-1,-1,-1,
-1,-1,-1,-1,-1,-1,-1,-1,-1,-1,-1,-1,-1,-1,-1,-1,-1,-1,-1,-1,-1,-1,-1,-1,-1,-1,-1,29,29,29,29,29,-1,-1,-1,
-1,-1,-1,-1,-1,-1,-1,-1,-1,-1,-1,-1,-1,-1,-1,-1,-1,-1,-1,-1,-1,-1,-1,-1,-1,29,29,29,-1,-1,-1,29,-1,-1,-1,
-1,-1,-1,-1,-1,-1,-1,-1,-1,-1,-1,-1,-1,-1,-1,-1,-1,-1,-1,-1,-1,-1,-1,29,29,29,-1,-1,-1,-1,-1,29,-1,-1,-1,
-1,-1,-1,-1,-1,-1,-1,-1,-1,-1,-1,-1,-1,-1,-1,-1,-1,-1,-1,-1,-1,-1,-1,29,-1,-1,-1,-1,-1,-1,-1,29,-1,-1,-1,
-1,-1,-1,-1,-1,-1,-1,-1,-1,-1,-1,-1,-1,-1,-1,-1,-1,-1,-1,-1,-1,-1,-1,29,-1,-1,-1,-1,40,-1,-1,29,-1,-1,-1,
-1,-1,-1,-1,-1,-1,-1,-1,-1,-1,-1,-1,-1,-1,-1,-1,-1,-1,-1,-1,-1,-1,-1,29,-1,-1,-1,-1,-1,-1,-1,29,-1,-1,-1,
-1,-1,-1,-1,-1,-1,-1,-1,-1,-1,-1,-1,-1,-1,-1,-1,-1,-1,-1,-1,-1,-1,29,29,-1,-1,-1,37,-1,40,-1,29,29,-1,-1,
-1,-1,-1,-1,-1,-1,-1,-1,-1,-1,-1,-1,-1,-1,-1,-1,-1,-1,-1,-1,29,29,29,-1,-1,-1,-1,-1,42,-1,-1,-1,29,-1,-1,
-1,-1,-1,-1,-1,-1,-1,-1,29,29,29,29,29,-1,-1,-1,-1,-1,-1,-1,29,-1,-1,-1,-1,45,-1,-1,-1,-1,-1,-1,29,-1,-1,
-1,-1,-1,-1,-1,-1,29,29,29,-1,-1,-1,29,29,29,-1,-1,-1,-1,-1,29,-1,-1,-1,-1,-1,-1,-1,42,-1,-1,-1,29,-1,-1,
-1,-1,-1,-1,-1,-1,29,-1,-1,-1,-1,-1,-1,-1,29,-1,-1,-1,-1,-1,29,-1,-1,-1,-1,-1,-1,-1,-1,39,-1,-1,29,29,-1,
-1,-1,-1,-1,-1,-1,29,-1,-1,-1,-1,-1,-1,-1,29,-1,-1,-1,-1,29,29,-1,-1,-1,37,-1,-1,-1,-1,-1,-1,-1,-1,29,-1,
-1,-1,-1,-1,-1,-1,29,-1,-1,-1,-1,-1,-1,-1,-1,29,29,29,29,29,-1,-1,-1,-1,-1,-1,42,-1,-1,-1,-1,-1,-1,29,-1,
-1,-1,-1,-1,-1,-1,29,-1,-1,36,-1,36,-1,-1,-1,-1,-1,-1,-1,-1,-1,-1,-1,-1,-1,-1,-1,-1,-1,-1,42,42,-1,29,-1,
-1,-1,-1,-1,-1,-1,29,-1,-1,-1,-1,36,-1,-1,-1,-1,-1,-1,-1,41,42,-1,-1,-1,42,-1,-1,-1,-1,-1,40,42,-1,29,-1,
-1,-1,-1,29,29,29,29,-1,-1,-1,36,-1,-1,-1,44,-1,-1,-1,-1,-1,-1,-1,-1,-1,-1,-1,-1,46,-1,-1,-1,-1,29,29,-1,
-1,-1,-1,29,-1,-1,-1,-1,-1,-1,-1,-1,-1,-1,-1,-1,-1,-1,-1,-1,-1,-1,-1,-1,-1,-1,-1,-1,-1,-1,-1,29,29,-1,-1,
-1,-1,-1,29,-1,-1,-1,41,-1,-1,-1,-1,-1,-1,-1,-1,-1,-1,-1,-1,-1,-1,36,-1,-1,37,-1,-1,-1,-1,29,29,-1,-1,-1,
-1,-1,-1,29,-1,-1,-1,-1,-1,-1,-1,29,29,29,29,-29,29,-1,-1,-1,-1,-1,-1,-1,-1,-1,-1,-1,-1,29,29,-1,-1,-1,-1,
-1,-1,29,29,-1,-1,-1,-1,-1,-1,-1,29,-1,-1,-1,-1,29,-1,-1,-1,-1,-1,-1,-1,-1,-1,42,-1,-1,29,-1,-1,-1,-1,-1,
-1,-1,29,-1,39,-1,-1,29,29,29,29,29,-1,-1,-1,-1,29,29,-1,-1,41,-1,36,-1,-1,-1,-1,-1,29,-1,-1,-1,-1,-1,-1,
-1,-1,29,-1,-1,-1,-1,29,-1,-1,-1,-1,-1,-1,-1,-1,-1,29,-1,-1,-1,-1,-1,-1,-1,29,29,29,29,-1,-1,-1,-1,-1,-1,
-1,-1,29,-1,-1,42,-1,29,-1,-1,-1,-1,-1,-1,-1,-1,-1,29,29,29,-1,-1,-1,-1,29,29,-1,-1,-1,-1,-1,-1,-1,-1,-1,
-1,29,29,-1,-1,-1,-1,29,-1,-1,-1,-1,-1,-1,-1,-1,-1,-1,-1,29,29,29,29,29,29,-1,-1,-1,-1,-1,-1,-1,-1,-1,-1,
-1,29,-1,42,39,-1,-1,29,29,-1,-1,-1,-1,-1,-1,-1,-1,-1,-1,-1,-1,-1,-1,-1,-1,-1,-1,-1,-1,-1,-1,-1,-1,-1,-1,
-1,29,-1,42,42,41,-1,-1,29,29,29,-1,-1,-1,-1,-1,-1,-1,-1,-1,-1,-1,-1,-1,-1,-1,-1,-1,-1,-1,-1,-1,-1,-1,-1,
-1,29,-1,-1,-1,-1,-1,-1,-1,48,29,-1,-1,-1,-1,-1,-1,-1,-1,-1,-1,-1,-1,-1,-1,-1,-1,-1,-1,-1,-1,-1,-1,-1,-1,
-1,29,29,29,29,29,-1,-1,-1,-1,29,-1,-1,-1,-1,-1,-1,-1,-1,-1,-1,-1,-1,-1,-1,-1,-1,-1,-1,-1,-1,-1,-1,-1,-1,
-1,-1,-1,-1,-1,29,29,29,29,29,-1,-1,-1,-1,-1,-1,-1,-1,-1,-1,-1,-1,-1,-1,-1,-1,-1,-1,-1,-1,-1,-1,-1,-1,-1,
-1,-1,-1,-1,-1,-1,-1,-1,-1,-1,-1,-1,-1,-1,-1,-1,-1,-1,-1,-1,-1,-1,-1,-1,-1,-1,-1,-1,-1,-1,-1,-1,-1,-1,-1,
