-1,-1,-1,-1,-1,-1,-1,-1,-1,-1,-1,-1,-1,-1,-1,-1,-1,-1,-1,-1,-1,-1,-1,-1,-1,-1,-1,-1,-1,-1,-1,-1,-1,-1,-1,-1,-1,-1,-1,-1,-1,-1,-1,-1,-1,-1,-1,-1,
-1,-1,-1,-1,-1,-1,-1,-1,-1,-1,-1,-1,-1,-1,-1,-1,-1,-1,-1,-1,-1,-1,-1,-1,-1,-1,-1,-1,-1,-1,-1,-1,-1,-1,-1,-1,-1,-1,-1,-1,-1,-1,-1,-1,-1,-1,-1,-1,
-1,-1,-1,-1,-1,-1,-1,-1,-1,-1,-1,-1,-1,-1,-1,-1,-1,-1,-1,-1,-1,-1,-1,-1,-1,-1,-1,-1,-1,-1,-1,-1,-1,-1,-1,-1,-1,-1,-1,-1,-1,-1,-1,-1,-1,-1,-1,-1,
-1,-1,-1,-1,-1,29,29,29,29,-1,-1,-1,-1,29,-1,-1,-1,-1,-1,29,-1,-1,29,-1,-1,-1,-1,29,29,29,29,29,29,-1,-1,-1,-1,-1,-1,-1,-1,-1,-1,-1,-1,-1,-1,-1,
-1,29,-1,29,29,-1,-1,-1,-1,29,29,29,29,-1,29,29,-1,-1,29,-1,29,29,-1,29,-1,29,29,-1,-1,29,29,-1,-1,29,29,29,29,29,29,29,-1,-1,-1,-1,-1,-1,-1,-1,
29,-1,29,-1,-1,-1,-1,-1,-1,-1,-1,-1,-1,-1,-1,29,-1,29,-1,-1,-1,-1,-1,29,29,29,-1,-1,-1,29,29,-1,-1,-1,-1,-1,-1,-1,-1,-1,29,-1,-1,-1,-1,-1,-1,-1,
29,-1,-1,-1,-1,-1,-1,-1,-1,-1,-1,-1,-1,-1,-1,29,-1,-1,29,29,-1,-1,-1,-1,-1,-1,-1,-1,29,29,29,-1,-1,29,29,29,29,29,-1,-1,29,-1,-1,-1,-1,-1,-1,-1,
29,29,29,-1,-1,-1,-1,-1,-1,-1,-1,-1,-1,-1,29,29,-1,-1,29,29,-1,-1,-1,29,29,29,-1,-1,29,29,29,-1,-1,29,-1,-1,-1,29,-1,29,29,-1,-1,-1,-1,-1,-1,-1,
-1,-1,29,-1,-1,-1,-1,-1,-1,29,29,29,29,-1,29,-1,-1,-1,-1,29,-1,29,29,29,-1,29,29,29,29,29,29,-1,-1,29,29,29,29,29,-1,-1,29,-1,-1,-1,-1,-1,-1,-1,
-1,-1,29,-1,-1,-1,-1,-1,-1,29,-1,-1,29,-1,29,-1,-1,-1,-1,29,-1,29,-1,-1,-1,-1,-1,-1,-1,-1,29,-1,-1,-1,-1,-1,-1,-1,-1,-1,-1,-1,-1,-1,-1,-1,-1,-1,
-1,-1,29,-1,-1,-1,-1,29,-1,29,-1,-1,29,-1,29,-1,-1,-1,-1,29,-1,29,-1,-1,-1,-1,-1,-1,-1,-1,29,-1,-1,-1,-1,-1,-1,-1,-1,-1,29,-1,-1,-1,-1,-1,-1,-1,
-1,-1,-1,29,29,29,29,29,29,29,-1,29,29,-1,29,29,29,29,29,29,-1,29,-1,-1,-1,-1,-1,-1,-1,-1,29,-1,29,29,29,29,29,29,29,29,-1,-1,-1,-1,-1,-1,-1,-1,
-1,-1,-1,-1,-1,-1,-1,-1,-1,-1,-1,29,-1,-1,-1,-1,-1,-1,-1,-1,-1,29,29,-1,29,-1,-1,29,29,29,29,-1,29,-1,-1,-1,-1,-1,-1,-1,-1,-1,-1,-1,-1,-1,-1,-1,
-1,-1,-1,-1,-1,-1,-1,-1,-1,-1,-1,29,29,29,-1,29,29,29,29,-1,-1,-1,29,29,-1,29,29,-1,-1,-1,-1,-1,29,-1,-1,-1,-1,-1,-1,-1,-1,29,-1,-1,-1,-1,-1,-1,
-1,-1,-1,-1,-1,-1,-1,-1,-1,-1,-1,-1,-1,29,-1,29,-1,-1,29,-1,-1,-1,-1,-1,-1,-1,-1,-1,-1,-1,-1,29,-1,-1,-1,-1,-1,-1,-1,-1,-1,29,-1,-1,-1,-1,-1,-1,
-1,-1,-1,-1,-1,-1,-1,-1,-1,-1,-1,-1,-1,29,-1,29,-1,29,29,-1,-1,-1,-1,-1,-1,-1,-1,-1,-1,-1,-1,29,-1,-1,29,-1,-1,-1,-1,-1,29,29,-1,-1,-1,-1,-1,-1,
-1,-1,29,29,13,29,29,29,29,29,29,29,29,29,-1,29,-1,29,29,-1,-1,-1,-1,-1,-1,-1,-1,-1,-1,-1,-1,29,-1,29,-1,29,-1,-1,29,29,-1,29,-1,-1,-1,-1,-1,-1,
-1,29,-1,-1,-1,-1,-1,-1,29,-1,-1,-1,-1,-1,-1,-1,29,29,29,-1,-1,-1,-1,-1,-1,-1,-1,-1,-1,-1,-1,29,-1,29,-1,-1,29,29,29,-1,-1,29,-1,-1,-1,-1,-1,-1,
29,-1,-1,29,29,29,29,29,29,-1,-1,-1,-1,-1,-1,-1,-1,29,29,-1,-1,-1,-1,-1,-1,-1,-1,-1,-1,-1,29,29,-1,29,29,-1,-1,-1,-1,-1,29,29,-1,-1,-1,-1,-1,-1,
-1,29,-1,22,22,-1,-1,-1,-1,-1,-1,29,29,29,29,29,-1,29,29,29,-1,-1,-1,-1,-1,-1,-1,-1,-1,-1,-1,29,-1,29,-1,-1,29,29,29,-1,-1,29,-1,-1,-1,-1,-1,-1,
-1,29,-1,-1,-1,-1,-1,-1,-1,-1,-1,-1,-1,-1,-1,-1,-1,29,29,29,-1,-1,-1,-1,-1,-1,-1,-1,-1,-1,-1,29,29,29,29,-1,-1,-1,-1,-1,29,29,-1,-1,-1,-1,-1,-1,
-1,29,-1,29,29,-1,-1,-1,-1,-1,-1,-1,-1,-1,-1,-1,-1,29,29,-1,-1,-1,-1,-1,-1,-1,-1,-1,-1,-1,-1,-1,-1,-1,-1,-1,29,29,29,-1,-1,29,-1,-1,-1,-1,-1,-1,
-1,29,-1,29,29,-1,-1,-1,-1,-1,29,29,29,29,29,29,-1,29,29,-1,-1,-1,-1,-1,-1,-1,-1,-1,-1,-1,-1,29,29,29,-1,29,-1,-1,-1,29,-1,29,-1,-1,-1,-1,-1,-1,
-1,29,-1,-1,-1,-1,-1,-1,-1,-1,-1,-1,-1,-1,-1,-1,-1,29,29,-1,29,-1,-1,-1,-1,-1,-1,-1,-1,-1,29,-1,-1,29,-1,-1,-1,-1,-1,-1,-1,29,-1,-1,-1,-1,-1,-1,
29,-1,-1,-1,-1,-1,-1,-1,-1,-1,-1,-1,-1,-1,-1,-1,-1,29,29,29,29,29,29,29,29,29,29,29,29,29,29,-1,-1,29,29,29,29,29,29,29,29,29,-1,-1,-1,-1,-1,-1,
-1,29,17,-1,-1,-1,-1,-1,-1,-1,29,29,-1,-1,29,29,-1,29,-1,-1,-1,-1,-1,-1,-1,-1,-1,-1,-1,-1,-1,-1,-1,-1,-1,-1,-1,-1,-1,-1,-1,-1,-1,-1,-1,-1,-1,-1,
29,-1,-1,-1,-1,-1,-1,-1,-1,-1,29,29,-1,-1,29,29,-1,29,-1,-1,-1,-1,-1,-1,-1,-1,-1,-1,-1,-1,-1,-1,-1,-1,-1,-1,-1,-1,-1,-1,-1,-1,-1,-1,-1,-1,-1,-1,
-1,29,29,29,29,-1,-1,-1,-1,-1,29,29,-1,-1,29,29,-1,29,-1,-1,29,29,29,-1,-1,-1,-1,-1,-1,-1,-1,-1,-1,-1,-1,-1,-1,-1,-1,-1,-1,-1,-1,-1,-1,-1,-1,-1,
-1,-1,-1,-1,-1,29,25,29,29,-1,29,29,-1,-1,29,29,-1,-1,29,29,-1,-1,29,-1,-1,-1,-1,-1,-1,-1,-1,-1,-1,-1,-1,-1,-1,-1,-1,-1,-1,-1,-1,-1,-1,-1,-1,-1,
-1,-1,-1,-1,-1,29,25,29,29,-1,29,29,-1,-1,29,29,-1,-1,-1,-1,-1,-1,29,-1,-1,-1,-1,-1,-1,-1,-1,-1,-1,-1,-1,-1,-1,-1,-1,-1,-1,-1,-1,-1,-1,-1,-1,-1,
-1,-1,-1,-1,-1,-1,-1,-1,29,-1,-1,-1,-1,-1,-1,-1,-1,-1,-1,-1,29,29,29,-1,-1,-1,-1,-1,-1,-1,-1,-1,-1,-1,-1,-1,-1,-1,-1,-1,-1,-1,-1,-1,-1,-1,-1,-1,
-1,-1,-1,-1,-1,-1,-1,-1,29,29,29,29,29,29,29,29,29,29,29,29,-1,-1,-1,-1,-1,-1,-1,-1,-1,-1,-1,-1,-1,-1,-1,-1,-1,-1,-1,-1,-1,-1,-1,-1,-1,-1,-1,-1,
